
input 11:50:12 23-02-2018
92	42	105	7	63	116	12	14	130	100	138	102	118	46	74
123	39	52	43	89	73	93	88	30	72	134	135	22	19	68
125	53	139	76	28	114	21	106	25	87	40	78	24	107	110
150	132	79	96	111	17	64	109	128	1	75	50	121	99	143
86	148	62	33	137	31	82	26	70	9	66	41	32	129	133
81	36	65	6	8	13	16	10	115	136	11	60	5	84	112
101	80	95	141	48	71	55	127	35	3	45	85	61	140	119
4	108	67	126	124	38	49	18	144	44	20	103	117	2	51
34	15	57	77	147	59	94	29	91	47	56	98	142	97	131
90	58	149	113	120	23	145	27	146	37	104	83	69	54	122
horizontal 11:50:12 23-02-2018
1	2	3	4	5	6	7	8	9	10	11	12	13	14	15
16	17	18	19	20	21	22	23	24	25	26	27	28	29	30
31	32	33	34	35	36	37	38	39	40	41	42	43	44	45
46	47	48	49	50	51	52	53	54	55	56	57	58	59	60
61	62	63	64	65	66	67	68	69	70	71	72	73	74	75
76	77	78	79	80	81	82	83	84	85	86	87	88	89	90
91	92	93	94	95	96	97	98	99	100	101	102	103	104	105
106	107	108	109	110	111	112	113	114	115	116	117	118	119	120
121	122	123	124	125	126	127	128	129	130	131	132	133	134	135
136	137	138	139	140	141	142	143	144	145	146	147	148	149	150
vertical 11:50:12 23-02-2018
1	11	21	31	41	51	61	71	81	91	101	111	121	131	141
2	12	22	32	42	52	62	72	82	92	102	112	122	132	142
3	13	23	33	43	53	63	73	83	93	103	113	123	133	143
4	14	24	34	44	54	64	74	84	94	104	114	124	134	144
5	15	25	35	45	55	65	75	85	95	105	115	125	135	145
6	16	26	36	46	56	66	76	86	96	106	116	126	136	146
7	17	27	37	47	57	67	77	87	97	107	117	127	137	147
8	18	28	38	48	58	68	78	88	98	108	118	128	138	148
9	19	29	39	49	59	69	79	89	99	109	119	129	139	149
10	20	30	40	50	60	70	80	90	100	110	120	130	140	150
snail 11:50:12 23-02-2018
1	2	3	4	5	6	7	8	9	10	11	12	13	14	15
46	47	48	49	50	51	52	53	54	55	56	57	58	59	16
45	84	85	86	87	88	89	90	91	92	93	94	95	60	17
44	83	114	115	116	117	118	119	120	121	122	123	96	61	18
43	82	113	136	137	138	139	140	141	142	143	124	97	62	19
42	81	112	135	150	149	148	147	146	145	144	125	98	63	20
41	80	111	134	133	132	131	130	129	128	127	126	99	64	21
40	79	110	109	108	107	106	105	104	103	102	101	100	65	22
39	78	77	76	75	74	73	72	71	70	69	68	67	66	23
38	37	36	35	34	33	32	31	30	29	28	27	26	25	24
inverse_snail 11:50:12 23-02-2018
150	149	148	147	146	145	144	143	142	141	140	139	138	137	136
105	104	103	102	101	100	99	98	97	96	95	94	93	92	135
106	67	66	65	64	63	62	61	60	59	58	57	56	91	134
107	68	37	36	35	34	33	32	31	30	29	28	55	90	133
108	69	38	15	14	13	12	11	10	9	8	27	54	89	132
109	70	39	16	1	2	3	4	5	6	7	26	53	88	131
110	71	40	17	18	19	20	21	22	23	24	25	52	87	130
111	72	41	42	43	44	45	46	47	48	49	50	51	86	129
112	73	74	75	76	77	78	79	80	81	82	83	84	85	128
113	114	115	116	117	118	119	120	121	122	123	124	125	126	127
snake 11:50:12 23-02-2018
1	2	3	4	5	6	7	8	9	10	11	12	13	14	15
30	29	28	27	26	25	24	23	22	21	20	19	18	17	16
31	32	33	34	35	36	37	38	39	40	41	42	43	44	45
60	59	58	57	56	55	54	53	52	51	50	49	48	47	46
61	62	63	64	65	66	67	68	69	70	71	72	73	74	75
90	89	88	87	86	85	84	83	82	81	80	79	78	77	76
91	92	93	94	95	96	97	98	99	100	101	102	103	104	105
120	119	118	117	116	115	114	113	112	111	110	109	108	107	106
121	122	123	124	125	126	127	128	129	130	131	132	133	134	135
150	149	148	147	146	145	144	143	142	141	140	139	138	137	136
diagonal 11:50:12 23-02-2018
1	3	6	10	15	21	28	36	45	55	65	75	85	95	105
2	5	9	14	20	27	35	44	54	64	74	84	94	104	114
4	8	13	19	26	34	43	53	63	73	83	93	103	113	122
7	12	18	25	33	42	52	62	72	82	92	102	112	121	129
11	17	24	32	41	51	61	71	81	91	101	111	120	128	135
16	23	31	40	50	60	70	80	90	100	110	119	127	134	140
22	30	39	49	59	69	79	89	99	109	118	126	133	139	144
29	38	48	58	68	78	88	98	108	117	125	132	138	143	147
37	47	57	67	77	87	97	107	116	124	131	137	142	146	149
46	56	66	76	86	96	106	115	123	130	136	141	145	148	150
input 11:50:21 23-02-2018
1	9	3
6	8	7
2	5	4
horizontal 11:50:21 23-02-2018
1	2	3
4	5	6
7	8	9
vertical 11:50:21 23-02-2018
1	4	7
2	5	8
3	6	9
snail 11:50:21 23-02-2018
1	2	3
8	9	4
7	6	5
inverse_snail 11:50:22 23-02-2018
9	8	7
2	1	6
3	4	5
snake 11:50:22 23-02-2018
1	2	3
6	5	4
7	8	9
diagonal 11:50:22 23-02-2018
1	3	6
2	5	8
4	7	9
input 11:52:42 23-02-2018
3	7	8
9	4	1
6	2	5
horizontal 11:52:42 23-02-2018
1	2	3
4	5	6
7	8	9
vertical 11:52:42 23-02-2018
1	4	7
2	5	8
3	6	9
snail 11:52:42 23-02-2018
1	2	3
8	9	4
7	6	5
inverse_snail 11:52:42 23-02-2018
9	8	7
2	1	6
3	4	5
snake 11:52:42 23-02-2018
1	2	3
6	5	4
7	8	9
diagonal 11:52:42 23-02-2018
1	3	6
2	5	8
4	7	9
input 11:52:50 23-02-2018
14	5	3	12	8
20	6	7	18	9
16	13	4	11	19
15	17	2	10	1
horizontal 11:52:50 23-02-2018
1	2	3	4	5
6	7	8	9	10
11	12	13	14	15
16	17	18	19	20
vertical 11:52:50 23-02-2018
1	5	9	13	17
2	6	10	14	18
3	7	11	15	19
4	8	12	16	20
snail 11:52:50 23-02-2018
1	2	3	4	5
14	15	16	17	6
13	20	19	18	7
12	11	10	9	8
inverse_snail 11:52:51 23-02-2018
20	19	18	17	16
7	6	5	4	15
8	1	2	3	14
9	10	11	12	13
snake 11:52:51 23-02-2018
1	2	3	4	5
10	9	8	7	6
11	12	13	14	15
20	19	18	17	16
diagonal 11:52:51 23-02-2018
1	3	6	10	14
2	5	9	13	17
4	8	12	16	19
7	11	15	18	20
input 11:53:58 23-02-2018
12	19	16	15	11
17	8	20	13	1
14	5	9	2	7
4	6	18	3	10
horizontal 11:53:58 23-02-2018
1	2	3	4	5
6	7	8	9	10
11	12	13	14	15
16	17	18	19	20
vertical 11:53:58 23-02-2018
1	5	9	13	17
2	6	10	14	18
3	7	11	15	19
4	8	12	16	20
snail 11:53:58 23-02-2018
1	2	3	4	5
14	15	16	17	6
13	20	19	18	7
12	11	10	9	8
inverse_snail 11:53:59 23-02-2018
20	19	18	17	16
7	6	5	4	15
8	1	2	3	14
9	10	11	12	13
snake 11:53:59 23-02-2018
1	2	3	4	5
10	9	8	7	6
11	12	13	14	15
20	19	18	17	16
diagonal 11:53:59 23-02-2018
1	3	6	10	14
2	5	9	13	17
4	8	12	16	19
7	11	15	18	20
input 11:54:45 23-02-2018
18	4	19	5	3
2	8	10	11	14
13	1	7	15	9
12	16	17	20	6
horizontal 11:54:45 23-02-2018
1	2	3	4	5
6	7	8	9	10
11	12	13	14	15
16	17	18	19	20
vertical 11:54:45 23-02-2018
1	5	9	13	17
2	6	10	14	18
3	7	11	15	19
4	8	12	16	20
snail 11:54:45 23-02-2018
1	2	3	4	5
14	15	16	17	6
13	20	19	18	7
12	11	10	9	8
inverse_snail 11:54:45 23-02-2018
20	19	18	17	16
7	6	5	4	15
8	1	2	3	14
9	10	11	12	13
snake 11:54:45 23-02-2018
1	2	3	4	5
10	9	8	7	6
11	12	13	14	15
20	19	18	17	16
diagonal 11:54:45 23-02-2018
1	3	6	10	14
2	5	9	13	17
4	8	12	16	19
7	11	15	18	20
input 11:55:01 23-02-2018
11	12	3	1	13
5	15	7	8	9
20	4	14	17	6
18	10	2	16	19
horizontal 11:55:01 23-02-2018
1	2	3	4	5
6	7	8	9	10
11	12	13	14	15
16	17	18	19	20
vertical 11:55:01 23-02-2018
1	5	9	13	17
2	6	10	14	18
3	7	11	15	19
4	8	12	16	20
snail 11:55:01 23-02-2018
1	2	3	4	5
14	15	16	17	6
13	20	19	18	7
12	11	10	9	8
inverse_snail 11:55:01 23-02-2018
20	19	18	17	16
7	6	5	4	15
8	1	2	3	14
9	10	11	12	13
snake 11:55:02 23-02-2018
1	2	3	4	5
10	9	8	7	6
11	12	13	14	15
20	19	18	17	16
diagonal 11:55:02 23-02-2018
1	3	6	10	14
2	5	9	13	17
4	8	12	16	19
7	11	15	18	20
input 11:58:06 23-02-2018
19	16	4	13	8
17	9	15	6	1
5	12	3	18	20
14	7	2	10	11
horizontal 11:58:06 23-02-2018
1	2	3	4	5
6	7	8	9	10
11	12	13	14	15
16	17	18	19	20
vertical 11:58:06 23-02-2018
1	5	9	13	17
2	6	10	14	18
3	7	11	15	19
4	8	12	16	20
snail 11:58:06 23-02-2018
1	2	3	4	5
14	15	16	17	6
13	20	19	18	7
12	11	10	9	8
inverse_snail 11:58:06 23-02-2018
20	19	18	17	16
7	6	5	4	15
8	1	2	3	14
9	10	11	12	13
snake 11:58:07 23-02-2018
1	2	3	4	5
10	9	8	7	6
11	12	13	14	15
20	19	18	17	16
diagonal 11:58:07 23-02-2018
1	3	6	10	14
2	5	9	13	17
4	8	12	16	19
7	11	15	18	20
input 11:58:57 23-02-2018
19	5	18	9	20
6	1	4	3	16
7	12	13	11	8
2	17	14	15	10
horizontal 11:58:57 23-02-2018
1	2	3	4	5
6	7	8	9	10
11	12	13	14	15
16	17	18	19	20
vertical 11:58:57 23-02-2018
1	5	9	13	17
2	6	10	14	18
3	7	11	15	19
4	8	12	16	20
snail 11:58:57 23-02-2018
1	2	3	4	5
14	15	16	17	6
13	20	19	18	7
12	11	10	9	8
inverse_snail 11:58:57 23-02-2018
20	19	18	17	16
7	6	5	4	15
8	1	2	3	14
9	10	11	12	13
snake 11:58:57 23-02-2018
1	2	3	4	5
10	9	8	7	6
11	12	13	14	15
20	19	18	17	16
diagonal 11:58:57 23-02-2018
1	3	6	10	14
2	5	9	13	17
4	8	12	16	19
7	11	15	18	20
input 12:04:35 23-02-2018
5	4	9	10	19
7	17	14	18	1
16	11	13	12	20
6	2	15	8	3
horizontal 12:04:35 23-02-2018
1	2	3	4	5
6	7	8	9	10
11	12	13	14	15
16	17	18	19	20
vertical 12:04:35 23-02-2018
1	5	9	13	17
2	6	10	14	18
3	7	11	15	19
4	8	12	16	20
snail 12:04:35 23-02-2018
1	2	3	4	5
14	15	16	17	6
13	20	19	18	7
12	11	10	9	8
inverse_snail 12:04:35 23-02-2018
20	19	18	17	16
7	6	5	4	15
8	1	2	3	14
9	10	11	12	13
snake 12:04:35 23-02-2018
1	2	3	4	5
10	9	8	7	6
11	12	13	14	15
20	19	18	17	16
diagonal 12:04:35 23-02-2018
1	3	6	10	14
2	5	9	13	17
4	8	12	16	19
7	11	15	18	20
input 12:05:03 23-02-2018
113	7	5	163	79	23	227	101	239
29	73	59	83	103	197	191	233	199
89	67	37	179	229	3	251	127	193
17	31	13	241	211	19	107	131	43
181	167	173	53	139	149	157	223	97
71	11	47	109	2	137	41	61	151
horizontal 12:05:03 23-02-2018
2	3	5	7	11	13	17	19	23
29	31	37	41	43	47	53	59	61
67	71	73	79	83	89	97	101	103
107	109	113	127	131	137	139	149	151
157	163	167	173	179	181	191	193	197
199	211	223	227	229	233	239	241	251
vertical 12:05:03 23-02-2018
2	17	41	67	97	127	157	191	227
3	19	43	71	101	131	163	193	229
5	23	47	73	103	137	167	197	233
7	29	53	79	107	139	173	199	239
11	31	59	83	109	149	179	211	241
13	37	61	89	113	151	181	223	251
snail 12:05:03 23-02-2018
2	3	5	7	11	13	17	19	23
101	103	107	109	113	127	131	137	29
97	193	197	199	211	223	227	139	31
89	191	251	241	239	233	229	149	37
83	181	179	173	167	163	157	151	41
79	73	71	67	61	59	53	47	43
inverse_snail 12:05:03 23-02-2018
251	241	239	233	229	227	223	211	199
109	107	103	101	97	89	83	79	197
113	31	29	23	19	17	13	73	193
127	37	2	3	5	7	11	71	191
131	41	43	47	53	59	61	67	181
137	139	149	151	157	163	167	173	179
snake 12:05:03 23-02-2018
2	3	5	7	11	13	17	19	23
61	59	53	47	43	41	37	31	29
67	71	73	79	83	89	97	101	103
151	149	139	137	131	127	113	109	107
157	163	167	173	179	181	191	193	197
251	241	239	233	229	227	223	211	199
diagonal 12:05:04 23-02-2018
2	5	13	29	47	73	103	137	167
3	11	23	43	71	101	131	163	193
7	19	41	67	97	127	157	191	223
17	37	61	89	113	151	181	211	233
31	59	83	109	149	179	199	229	241
53	79	107	139	173	197	227	239	251
input 12:11:42 23-02-2018
31	13	113	167	241	191	239	227	71
139	173	157	251	3	101	107	131	163
29	149	229	19	11	89	41	199	2
223	181	179	83	151	67	5	233	23
127	211	53	47	103	43	61	17	79
37	193	59	137	109	197	7	97	73
horizontal 12:11:42 23-02-2018
2	3	5	7	11	13	17	19	23
29	31	37	41	43	47	53	59	61
67	71	73	79	83	89	97	101	103
107	109	113	127	131	137	139	149	151
157	163	167	173	179	181	191	193	197
199	211	223	227	229	233	239	241	251
vertical 12:11:42 23-02-2018
2	17	41	67	97	127	157	191	227
3	19	43	71	101	131	163	193	229
5	23	47	73	103	137	167	197	233
7	29	53	79	107	139	173	199	239
11	31	59	83	109	149	179	211	241
13	37	61	89	113	151	181	223	251
snail 12:11:42 23-02-2018
2	3	5	7	11	13	17	19	23
101	103	107	109	113	127	131	137	29
97	193	197	199	211	223	227	139	31
89	191	251	241	239	233	229	149	37
83	181	179	173	167	163	157	151	41
79	73	71	67	61	59	53	47	43
inverse_snail 12:11:42 23-02-2018
251	241	239	233	229	227	223	211	199
109	107	103	101	97	89	83	79	197
113	31	29	23	19	17	13	73	193
127	37	2	3	5	7	11	71	191
131	41	43	47	53	59	61	67	181
137	139	149	151	157	163	167	173	179
snake 12:11:43 23-02-2018
2	3	5	7	11	13	17	19	23
61	59	53	47	43	41	37	31	29
67	71	73	79	83	89	97	101	103
151	149	139	137	131	127	113	109	107
157	163	167	173	179	181	191	193	197
251	241	239	233	229	227	223	211	199
diagonal 12:11:43 23-02-2018
2	5	13	29	47	73	103	137	167
3	11	23	43	71	101	131	163	193
7	19	41	67	97	127	157	191	223
17	37	61	89	113	151	181	211	233
31	59	83	109	149	179	199	229	241
53	79	107	139	173	197	227	239	251
input 12:11:46 23-02-2018
53	73	107	83	103	109	127	11	181
17	193	131	41	239	79	101	3	163
227	97	89	151	2	43	13	31	71
251	19	149	23	241	167	29	223	137
197	37	67	7	61	211	179	113	233
157	47	59	191	139	229	199	173	5
horizontal 12:11:46 23-02-2018
2	3	5	7	11	13	17	19	23
29	31	37	41	43	47	53	59	61
67	71	73	79	83	89	97	101	103
107	109	113	127	131	137	139	149	151
157	163	167	173	179	181	191	193	197
199	211	223	227	229	233	239	241	251
vertical 12:11:46 23-02-2018
2	17	41	67	97	127	157	191	227
3	19	43	71	101	131	163	193	229
5	23	47	73	103	137	167	197	233
7	29	53	79	107	139	173	199	239
11	31	59	83	109	149	179	211	241
13	37	61	89	113	151	181	223	251
snail 12:11:46 23-02-2018
2	3	5	7	11	13	17	19	23
101	103	107	109	113	127	131	137	29
97	193	197	199	211	223	227	139	31
89	191	251	241	239	233	229	149	37
83	181	179	173	167	163	157	151	41
79	73	71	67	61	59	53	47	43
inverse_snail 12:11:46 23-02-2018
251	241	239	233	229	227	223	211	199
109	107	103	101	97	89	83	79	197
113	31	29	23	19	17	13	73	193
127	37	2	3	5	7	11	71	191
131	41	43	47	53	59	61	67	181
137	139	149	151	157	163	167	173	179
snake 12:11:46 23-02-2018
2	3	5	7	11	13	17	19	23
61	59	53	47	43	41	37	31	29
67	71	73	79	83	89	97	101	103
151	149	139	137	131	127	113	109	107
157	163	167	173	179	181	191	193	197
251	241	239	233	229	227	223	211	199
diagonal 12:11:46 23-02-2018
2	5	13	29	47	73	103	137	167
3	11	23	43	71	101	131	163	193
7	19	41	67	97	127	157	191	223
17	37	61	89	113	151	181	211	233
31	59	83	109	149	179	199	229	241
53	79	107	139	173	197	227	239	251
input 12:11:56 23-02-2018
29	4	30	40	35	22	26	5
18	1	20	14	33	27	39	13
23	21	25	17	9	37	24	7
19	28	3	11	6	12	36	10
2	31	16	34	38	15	8	32
horizontal 12:11:56 23-02-2018
1	2	3	4	5	6	7	8
9	10	11	12	13	14	15	16
17	18	19	20	21	22	23	24
25	26	27	28	29	30	31	32
33	34	35	36	37	38	39	40
vertical 12:11:56 23-02-2018
1	6	11	16	21	26	31	36
2	7	12	17	22	27	32	37
3	8	13	18	23	28	33	38
4	9	14	19	24	29	34	39
5	10	15	20	25	30	35	40
snail 12:11:57 23-02-2018
1	2	3	4	5	6	7	8
22	23	24	25	26	27	28	9
21	36	37	38	39	40	29	10
20	35	34	33	32	31	30	11
19	18	17	16	15	14	13	12
inverse_snail 12:11:57 23-02-2018
40	39	38	37	36	35	34	33
19	18	17	16	15	14	13	32
20	5	4	3	2	1	12	31
21	6	7	8	9	10	11	30
22	23	24	25	26	27	28	29
snake 12:11:57 23-02-2018
1	2	3	4	5	6	7	8
16	15	14	13	12	11	10	9
17	18	19	20	21	22	23	24
32	31	30	29	28	27	26	25
33	34	35	36	37	38	39	40
diagonal 12:11:57 23-02-2018
1	3	6	10	15	20	25	30
2	5	9	14	19	24	29	34
4	8	13	18	23	28	33	37
7	12	17	22	27	32	36	39
11	16	21	26	31	35	38	40
input 12:13:49 23-02-2018
11	22	4	15	17	38	39	9
33	23	32	24	28	36	3	16
27	10	6	8	25	34	26	21
13	31	14	12	30	7	37	40
2	18	20	1	19	29	35	5
horizontal 12:13:49 23-02-2018
1	2	3	4	5	6	7	8
9	10	11	12	13	14	15	16
17	18	19	20	21	22	23	24
25	26	27	28	29	30	31	32
33	34	35	36	37	38	39	40
vertical 12:13:49 23-02-2018
1	6	11	16	21	26	31	36
2	7	12	17	22	27	32	37
3	8	13	18	23	28	33	38
4	9	14	19	24	29	34	39
5	10	15	20	25	30	35	40
snail 12:13:49 23-02-2018
1	2	3	4	5	6	7	8
22	23	24	25	26	27	28	9
21	36	37	38	39	40	29	10
20	35	34	33	32	31	30	11
19	18	17	16	15	14	13	12
inverse_snail 12:13:49 23-02-2018
40	39	38	37	36	35	34	33
19	18	17	16	15	14	13	32
20	5	4	3	2	1	12	31
21	6	7	8	9	10	11	30
22	23	24	25	26	27	28	29
snake 12:13:49 23-02-2018
1	2	3	4	5	6	7	8
16	15	14	13	12	11	10	9
17	18	19	20	21	22	23	24
32	31	30	29	28	27	26	25
33	34	35	36	37	38	39	40
diagonal 12:13:49 23-02-2018
1	3	6	10	15	20	25	30
2	5	9	14	19	24	29	34
4	8	13	18	23	28	33	37
7	12	17	22	27	32	36	39
11	16	21	26	31	35	38	40
input 12:14:21 23-02-2018
16	8	25	39	34	6	35	1
40	27	38	24	18	20	5	10
14	23	2	17	36	26	33	31
28	9	37	29	21	13	15	30
7	11	22	19	3	32	12	4
horizontal 12:14:21 23-02-2018
1	2	3	4	5	6	7	8
9	10	11	12	13	14	15	16
17	18	19	20	21	22	23	24
25	26	27	28	29	30	31	32
33	34	35	36	37	38	39	40
vertical 12:14:21 23-02-2018
1	6	11	16	21	26	31	36
2	7	12	17	22	27	32	37
3	8	13	18	23	28	33	38
4	9	14	19	24	29	34	39
5	10	15	20	25	30	35	40
snail 12:14:21 23-02-2018
1	2	3	4	5	6	7	8
22	23	24	25	26	27	28	9
21	36	37	38	39	40	29	10
20	35	34	33	32	31	30	11
19	18	17	16	15	14	13	12
inverse_snail 12:14:21 23-02-2018
40	39	38	37	36	35	34	33
19	18	17	16	15	14	13	32
20	5	4	3	2	1	12	31
21	6	7	8	9	10	11	30
22	23	24	25	26	27	28	29
snake 12:14:21 23-02-2018
1	2	3	4	5	6	7	8
16	15	14	13	12	11	10	9
17	18	19	20	21	22	23	24
32	31	30	29	28	27	26	25
33	34	35	36	37	38	39	40
diagonal 12:14:21 23-02-2018
1	3	6	10	15	20	25	30
2	5	9	14	19	24	29	34
4	8	13	18	23	28	33	37
7	12	17	22	27	32	36	39
11	16	21	26	31	35	38	40
input 12:14:45 23-02-2018
24	31	7	38	14	21	1	18
25	16	39	20	5	15	4	28
35	22	19	10	13	32	40	2
34	36	33	27	6	26	8	12
30	29	11	23	37	17	3	9
horizontal 12:14:46 23-02-2018
1	2	3	4	5	6	7	8
9	10	11	12	13	14	15	16
17	18	19	20	21	22	23	24
25	26	27	28	29	30	31	32
33	34	35	36	37	38	39	40
vertical 12:14:46 23-02-2018
1	6	11	16	21	26	31	36
2	7	12	17	22	27	32	37
3	8	13	18	23	28	33	38
4	9	14	19	24	29	34	39
5	10	15	20	25	30	35	40
snail 12:14:46 23-02-2018
1	2	3	4	5	6	7	8
22	23	24	25	26	27	28	9
21	36	37	38	39	40	29	10
20	35	34	33	32	31	30	11
19	18	17	16	15	14	13	12
inverse_snail 12:14:46 23-02-2018
40	39	38	37	36	35	34	33
19	18	17	16	15	14	13	32
20	5	4	3	2	1	12	31
21	6	7	8	9	10	11	30
22	23	24	25	26	27	28	29
snake 12:14:46 23-02-2018
1	2	3	4	5	6	7	8
16	15	14	13	12	11	10	9
17	18	19	20	21	22	23	24
32	31	30	29	28	27	26	25
33	34	35	36	37	38	39	40
diagonal 12:14:46 23-02-2018
1	3	6	10	15	20	25	30
2	5	9	14	19	24	29	34
4	8	13	18	23	28	33	37
7	12	17	22	27	32	36	39
11	16	21	26	31	35	38	40
input 12:15:54 23-02-2018
10	17	22	31	20	37	4	1
25	28	34	39	11	35	21	15
24	30	6	29	7	8	32	3
14	33	2	38	18	36	16	13
12	40	27	9	19	5	26	23
horizontal 12:15:55 23-02-2018
1	2	3	4	5	6	7	8
9	10	11	12	13	14	15	16
17	18	19	20	21	22	23	24
25	26	27	28	29	30	31	32
33	34	35	36	37	38	39	40
vertical 12:15:55 23-02-2018
1	6	11	16	21	26	31	36
2	7	12	17	22	27	32	37
3	8	13	18	23	28	33	38
4	9	14	19	24	29	34	39
5	10	15	20	25	30	35	40
snail 12:15:55 23-02-2018
1	2	3	4	5	6	7	8
22	23	24	25	26	27	28	9
21	36	37	38	39	40	29	10
20	35	34	33	32	31	30	11
19	18	17	16	15	14	13	12
inverse_snail 12:15:55 23-02-2018
40	39	38	37	36	35	34	33
19	18	17	16	15	14	13	32
20	5	4	3	2	1	12	31
21	6	7	8	9	10	11	30
22	23	24	25	26	27	28	29
snake 12:15:55 23-02-2018
1	2	3	4	5	6	7	8
16	15	14	13	12	11	10	9
17	18	19	20	21	22	23	24
32	31	30	29	28	27	26	25
33	34	35	36	37	38	39	40
diagonal 12:15:55 23-02-2018
1	3	6	10	15	20	25	30
2	5	9	14	19	24	29	34
4	8	13	18	23	28	33	37
7	12	17	22	27	32	36	39
11	16	21	26	31	35	38	40
input 12:16:34 23-02-2018
21	17	30	19	13	12	38	29
24	16	27	33	20	31	2	6
22	39	36	15	25	8	37	10
23	5	40	11	1	32	14	3
4	18	7	9	35	26	34	28
horizontal 12:16:34 23-02-2018
1	2	3	4	5	6	7	8
9	10	11	12	13	14	15	16
17	18	19	20	21	22	23	24
25	26	27	28	29	30	31	32
33	34	35	36	37	38	39	40
vertical 12:16:34 23-02-2018
1	6	11	16	21	26	31	36
2	7	12	17	22	27	32	37
3	8	13	18	23	28	33	38
4	9	14	19	24	29	34	39
5	10	15	20	25	30	35	40
snail 12:16:35 23-02-2018
1	2	3	4	5	6	7	8
22	23	24	25	26	27	28	9
21	36	37	38	39	40	29	10
20	35	34	33	32	31	30	11
19	18	17	16	15	14	13	12
inverse_snail 12:16:35 23-02-2018
40	39	38	37	36	35	34	33
19	18	17	16	15	14	13	32
20	5	4	3	2	1	12	31
21	6	7	8	9	10	11	30
22	23	24	25	26	27	28	29
snake 12:16:35 23-02-2018
1	2	3	4	5	6	7	8
16	15	14	13	12	11	10	9
17	18	19	20	21	22	23	24
32	31	30	29	28	27	26	25
33	34	35	36	37	38	39	40
diagonal 12:16:35 23-02-2018
1	3	6	10	15	20	25	30
2	5	9	14	19	24	29	34
4	8	13	18	23	28	33	37
7	12	17	22	27	32	36	39
11	16	21	26	31	35	38	40
input 12:17:21 23-02-2018
4	1
2	3
horizontal 12:17:21 23-02-2018
1	2
3	4
vertical 12:17:21 23-02-2018
1	3
2	4
snail 12:17:21 23-02-2018
1	2
4	3
inverse_snail 12:17:21 23-02-2018
4	3
1	2
snake 12:17:22 23-02-2018
1	2
4	3
diagonal 12:17:22 23-02-2018
1	3
2	4
input 12:27:57 23-02-2018
2	3
4	1
horizontal 12:27:57 23-02-2018
1	2
3	4
vertical 12:27:57 23-02-2018
1	3
2	4
snail 12:27:57 23-02-2018
1	2
4	3
inverse_snail 12:27:57 23-02-2018
4	3
1	2
snake 12:27:57 23-02-2018
1	2
4	3
diagonal 12:27:57 23-02-2018
1	3
2	4
input 12:34:41 23-02-2018
4	2
3	1
horizontal 12:34:41 23-02-2018
1	2
3	4
vertical 12:34:41 23-02-2018
1	3
2	4
snail 12:34:41 23-02-2018
1	2
4	3
inverse_snail 12:34:41 23-02-2018
4	3
1	2
snake 12:34:41 23-02-2018
1	2
4	3
diagonal 12:34:41 23-02-2018
1	3
2	4
input 12:36:03 23-02-2018
3	1
4	2
horizontal 12:36:03 23-02-2018
1	2
3	4
vertical 12:36:03 23-02-2018
1	3
2	4
snail 12:36:03 23-02-2018
1	2
4	3
inverse_snail 12:36:03 23-02-2018
4	3
1	2
snake 12:36:03 23-02-2018
1	2
4	3
diagonal 12:36:03 23-02-2018
1	3
2	4
input 12:36:36 23-02-2018
1	4
3	2
horizontal 12:36:37 23-02-2018
1	2
3	4
vertical 12:36:37 23-02-2018
1	3
2	4
snail 12:36:37 23-02-2018
1	2
4	3
inverse_snail 12:36:37 23-02-2018
4	3
1	2
snake 12:36:37 23-02-2018
1	2
4	3
diagonal 12:36:37 23-02-2018
1	3
2	4
input 12:36:39 23-02-2018
2	3
4	1
horizontal 12:36:39 23-02-2018
1	2
3	4
vertical 12:36:39 23-02-2018
1	3
2	4
snail 12:36:39 23-02-2018
1	2
4	3
inverse_snail 12:36:39 23-02-2018
4	3
1	2
snake 12:36:39 23-02-2018
1	2
4	3
diagonal 12:36:39 23-02-2018
1	3
2	4
input 12:37:00 23-02-2018
2	4
3	1
horizontal 12:37:00 23-02-2018
1	2
3	4
vertical 12:37:00 23-02-2018
1	3
2	4
snail 12:37:00 23-02-2018
1	2
4	3
inverse_snail 12:37:01 23-02-2018
4	3
1	2
snake 12:37:01 23-02-2018
1	2
4	3
diagonal 12:37:01 23-02-2018
1	3
2	4
input 12:37:13 23-02-2018
4	2
3	1
horizontal 12:37:13 23-02-2018
1	2
3	4
vertical 12:37:13 23-02-2018
1	3
2	4
snail 12:37:13 23-02-2018
1	2
4	3
inverse_snail 12:37:13 23-02-2018
4	3
1	2
snake 12:37:13 23-02-2018
1	2
4	3
diagonal 12:37:13 23-02-2018
1	3
2	4
input 12:37:54 23-02-2018
2	3
4	1
horizontal 12:37:54 23-02-2018
1	2
3	4
vertical 12:37:54 23-02-2018
1	3
2	4
snail 12:37:54 23-02-2018
1	2
4	3
inverse_snail 12:37:54 23-02-2018
4	3
1	2
snake 12:37:54 23-02-2018
1	2
4	3
diagonal 12:37:54 23-02-2018
1	3
2	4
input 12:38:25 23-02-2018
21	25	11	16	3
17	9	19	22	15
12	1	2	18	13
4	24	20	6	7
5	23	14	8	10
horizontal 12:38:25 23-02-2018
1	2	3	4	5
6	7	8	9	10
11	12	13	14	15
16	17	18	19	20
21	22	23	24	25
vertical 12:38:25 23-02-2018
1	6	11	16	21
2	7	12	17	22
3	8	13	18	23
4	9	14	19	24
5	10	15	20	25
snail 12:38:25 23-02-2018
1	2	3	4	5
16	17	18	19	6
15	24	25	20	7
14	23	22	21	8
13	12	11	10	9
inverse_snail 12:38:25 23-02-2018
25	24	23	22	21
10	9	8	7	20
11	2	1	6	19
12	3	4	5	18
13	14	15	16	17
snake 12:38:25 23-02-2018
1	2	3	4	5
10	9	8	7	6
11	12	13	14	15
20	19	18	17	16
21	22	23	24	25
diagonal 12:38:25 23-02-2018
1	3	6	10	15
2	5	9	14	19
4	8	13	18	22
7	12	17	21	24
11	16	20	23	25
input 12:42:17 23-02-2018
8	12	11	3	21
16	7	1	9	13
4	14	22	18	24
5	23	2	6	19
20	15	17	10	25
horizontal 12:42:17 23-02-2018
1	2	3	4	5
6	7	8	9	10
11	12	13	14	15
16	17	18	19	20
21	22	23	24	25
vertical 12:42:17 23-02-2018
1	6	11	16	21
2	7	12	17	22
3	8	13	18	23
4	9	14	19	24
5	10	15	20	25
snail 12:42:17 23-02-2018
1	2	3	4	5
16	17	18	19	6
15	24	25	20	7
14	23	22	21	8
13	12	11	10	9
inverse_snail 12:42:17 23-02-2018
25	24	23	22	21
10	9	8	7	20
11	2	1	6	19
12	3	4	5	18
13	14	15	16	17
snake 12:42:17 23-02-2018
1	2	3	4	5
10	9	8	7	6
11	12	13	14	15
20	19	18	17	16
21	22	23	24	25
diagonal 12:42:18 23-02-2018
1	3	6	10	15
2	5	9	14	19
4	8	13	18	22
7	12	17	21	24
11	16	20	23	25
input 12:42:52 23-02-2018
2	22	15	5	17
3	6	7	24	20
11	23	25	9	19
21	10	13	14	12
4	16	18	8	1
horizontal 12:42:53 23-02-2018
1	2	3	4	5
6	7	8	9	10
11	12	13	14	15
16	17	18	19	20
21	22	23	24	25
vertical 12:42:53 23-02-2018
1	6	11	16	21
2	7	12	17	22
3	8	13	18	23
4	9	14	19	24
5	10	15	20	25
snail 12:42:53 23-02-2018
1	2	3	4	5
16	17	18	19	6
15	24	25	20	7
14	23	22	21	8
13	12	11	10	9
inverse_snail 12:42:53 23-02-2018
25	24	23	22	21
10	9	8	7	20
11	2	1	6	19
12	3	4	5	18
13	14	15	16	17
snake 12:42:53 23-02-2018
1	2	3	4	5
10	9	8	7	6
11	12	13	14	15
20	19	18	17	16
21	22	23	24	25
diagonal 12:42:53 23-02-2018
1	3	6	10	15
2	5	9	14	19
4	8	13	18	22
7	12	17	21	24
11	16	20	23	25
input 12:46:51 23-02-2018
1	8	21	18	25
20	5	12	11	23
24	6	14	13	4
16	7	22	10	15
3	9	19	17	2
horizontal 12:46:51 23-02-2018
1	2	3	4	5
6	7	8	9	10
11	12	13	14	15
16	17	18	19	20
21	22	23	24	25
vertical 12:46:51 23-02-2018
1	6	11	16	21
2	7	12	17	22
3	8	13	18	23
4	9	14	19	24
5	10	15	20	25
snail 12:46:51 23-02-2018
1	2	3	4	5
16	17	18	19	6
15	24	25	20	7
14	23	22	21	8
13	12	11	10	9
inverse_snail 12:46:51 23-02-2018
25	24	23	22	21
10	9	8	7	20
11	2	1	6	19
12	3	4	5	18
13	14	15	16	17
snake 12:46:51 23-02-2018
1	2	3	4	5
10	9	8	7	6
11	12	13	14	15
20	19	18	17	16
21	22	23	24	25
diagonal 12:46:52 23-02-2018
1	3	6	10	15
2	5	9	14	19
4	8	13	18	22
7	12	17	21	24
11	16	20	23	25
input 15:24:41 23-02-2018
29	2	23	16	19	26
14	8	3	17	1	9
25	4	5	21	22	10
11	13	30	27	18	12
15	28	20	24	6	7
horizontal 15:24:42 23-02-2018
1	2	3	4	5	6
7	8	9	10	11	12
13	14	15	16	17	18
19	20	21	22	23	24
25	26	27	28	29	30
vertical 15:24:42 23-02-2018
1	6	11	16	21	26
2	7	12	17	22	27
3	8	13	18	23	28
4	9	14	19	24	29
5	10	15	20	25	30
snail 15:24:42 23-02-2018
1	2	3	4	5	6
18	19	20	21	22	7
17	28	29	30	23	8
16	27	26	25	24	9
15	14	13	12	11	10
inverse_snail 15:24:42 23-02-2018
30	29	28	27	26	25
13	12	11	10	9	24
14	3	2	1	8	23
15	4	5	6	7	22
16	17	18	19	20	21
snake 15:24:42 23-02-2018
1	2	3	4	5	6
12	11	10	9	8	7
13	14	15	16	17	18
24	23	22	21	20	19
25	26	27	28	29	30
diagonal 15:24:42 23-02-2018
1	3	6	10	15	20
2	5	9	14	19	24
4	8	13	18	23	27
7	12	17	22	26	29
11	16	21	25	28	30
input 15:26:26 23-02-2018
4	29	12	13	10	26
3	19	11	28	17	25
2	6	8	14	21	30
23	15	27	22	7	9
16	24	18	1	20	5
horizontal 15:26:26 23-02-2018
1	2	3	4	5	6
7	8	9	10	11	12
13	14	15	16	17	18
19	20	21	22	23	24
25	26	27	28	29	30
vertical 15:26:27 23-02-2018
1	6	11	16	21	26
2	7	12	17	22	27
3	8	13	18	23	28
4	9	14	19	24	29
5	10	15	20	25	30
snail 15:26:27 23-02-2018
1	2	3	4	5	6
18	19	20	21	22	7
17	28	29	30	23	8
16	27	26	25	24	9
15	14	13	12	11	10
inverse_snail 15:26:27 23-02-2018
30	29	28	27	26	25
13	12	11	10	9	24
14	3	2	1	8	23
15	4	5	6	7	22
16	17	18	19	20	21
snake 15:26:27 23-02-2018
1	2	3	4	5	6
12	11	10	9	8	7
13	14	15	16	17	18
24	23	22	21	20	19
25	26	27	28	29	30
diagonal 15:26:27 23-02-2018
1	3	6	10	15	20
2	5	9	14	19	24
4	8	13	18	23	27
7	12	17	22	26	29
11	16	21	25	28	30
input 15:26:34 23-02-2018
20	4	15	5	16	2
18	26	10	8	7	19
21	6	27	28	23	22
29	9	12	11	1	13
24	30	17	25	3	14
horizontal 15:26:34 23-02-2018
1	2	3	4	5	6
7	8	9	10	11	12
13	14	15	16	17	18
19	20	21	22	23	24
25	26	27	28	29	30
vertical 15:26:34 23-02-2018
1	6	11	16	21	26
2	7	12	17	22	27
3	8	13	18	23	28
4	9	14	19	24	29
5	10	15	20	25	30
snail 15:26:34 23-02-2018
1	2	3	4	5	6
18	19	20	21	22	7
17	28	29	30	23	8
16	27	26	25	24	9
15	14	13	12	11	10
inverse_snail 15:26:34 23-02-2018
30	29	28	27	26	25
13	12	11	10	9	24
14	3	2	1	8	23
15	4	5	6	7	22
16	17	18	19	20	21
snake 15:26:34 23-02-2018
1	2	3	4	5	6
12	11	10	9	8	7
13	14	15	16	17	18
24	23	22	21	20	19
25	26	27	28	29	30
diagonal 15:26:34 23-02-2018
1	3	6	10	15	20
2	5	9	14	19	24
4	8	13	18	23	27
7	12	17	22	26	29
11	16	21	25	28	30
input 15:26:45 23-02-2018
158	115	118	149	55	72	82	204	64	211	210	128	153	93	197	74	178	35
63	91	107	31	154	14	181	57	202	80	48	117	66	165	164	137	189	18
90	30	79	146	145	33	215	104	105	70	123	10	3	36	143	88	28	102
168	159	46	191	37	186	21	203	60	92	52	89	108	139	78	196	13	213
17	216	207	180	188	170	120	148	185	47	84	25	53	199	38	161	83	19
126	177	179	200	190	1	205	100	142	193	125	208	140	163	50	124	133	15
94	187	141	160	34	110	173	43	97	171	40	157	44	127	162	194	121	152
209	129	41	58	32	169	87	6	24	182	9	27	174	39	151	147	22	49
201	86	138	45	116	156	109	111	176	7	131	198	85	167	81	183	51	61
130	4	29	67	95	206	71	8	98	166	212	54	192	214	56	101	172	155
112	144	99	65	77	68	12	62	23	2	20	76	119	150	16	113	103	75
59	96	122	135	195	42	136	184	73	134	132	114	69	11	5	26	106	175
horizontal 15:26:45 23-02-2018
1	2	3	4	5	6	7	8	9	10	11	12	13	14	15	16	17	18
19	20	21	22	23	24	25	26	27	28	29	30	31	32	33	34	35	36
37	38	39	40	41	42	43	44	45	46	47	48	49	50	51	52	53	54
55	56	57	58	59	60	61	62	63	64	65	66	67	68	69	70	71	72
73	74	75	76	77	78	79	80	81	82	83	84	85	86	87	88	89	90
91	92	93	94	95	96	97	98	99	100	101	102	103	104	105	106	107	108
109	110	111	112	113	114	115	116	117	118	119	120	121	122	123	124	125	126
127	128	129	130	131	132	133	134	135	136	137	138	139	140	141	142	143	144
145	146	147	148	149	150	151	152	153	154	155	156	157	158	159	160	161	162
163	164	165	166	167	168	169	170	171	172	173	174	175	176	177	178	179	180
181	182	183	184	185	186	187	188	189	190	191	192	193	194	195	196	197	198
199	200	201	202	203	204	205	206	207	208	209	210	211	212	213	214	215	216
vertical 15:26:46 23-02-2018
1	13	25	37	49	61	73	85	97	109	121	133	145	157	169	181	193	205
2	14	26	38	50	62	74	86	98	110	122	134	146	158	170	182	194	206
3	15	27	39	51	63	75	87	99	111	123	135	147	159	171	183	195	207
4	16	28	40	52	64	76	88	100	112	124	136	148	160	172	184	196	208
5	17	29	41	53	65	77	89	101	113	125	137	149	161	173	185	197	209
6	18	30	42	54	66	78	90	102	114	126	138	150	162	174	186	198	210
7	19	31	43	55	67	79	91	103	115	127	139	151	163	175	187	199	211
8	20	32	44	56	68	80	92	104	116	128	140	152	164	176	188	200	212
9	21	33	45	57	69	81	93	105	117	129	141	153	165	177	189	201	213
10	22	34	46	58	70	82	94	106	118	130	142	154	166	178	190	202	214
11	23	35	47	59	71	83	95	107	119	131	143	155	167	179	191	203	215
12	24	36	48	60	72	84	96	108	120	132	144	156	168	180	192	204	216
snail 15:26:46 23-02-2018
1	2	3	4	5	6	7	8	9	10	11	12	13	14	15	16	17	18
56	57	58	59	60	61	62	63	64	65	66	67	68	69	70	71	72	19
55	104	105	106	107	108	109	110	111	112	113	114	115	116	117	118	73	20
54	103	144	145	146	147	148	149	150	151	152	153	154	155	156	119	74	21
53	102	143	176	177	178	179	180	181	182	183	184	185	186	157	120	75	22
52	101	142	175	200	201	202	203	204	205	206	207	208	187	158	121	76	23
51	100	141	174	199	216	215	214	213	212	211	210	209	188	159	122	77	24
50	99	140	173	198	197	196	195	194	193	192	191	190	189	160	123	78	25
49	98	139	172	171	170	169	168	167	166	165	164	163	162	161	124	79	26
48	97	138	137	136	135	134	133	132	131	130	129	128	127	126	125	80	27
47	96	95	94	93	92	91	90	89	88	87	86	85	84	83	82	81	28
46	45	44	43	42	41	40	39	38	37	36	35	34	33	32	31	30	29
inverse_snail 15:26:46 23-02-2018
216	215	214	213	212	211	210	209	208	207	206	205	204	203	202	201	200	199
161	160	159	158	157	156	155	154	153	152	151	150	149	148	147	146	145	198
162	113	112	111	110	109	108	107	106	105	104	103	102	101	100	99	144	197
163	114	73	72	71	70	69	68	67	66	65	64	63	62	61	98	143	196
164	115	74	41	40	39	38	37	36	35	34	33	32	31	60	97	142	195
165	116	75	42	17	16	15	14	13	12	11	10	9	30	59	96	141	194
166	117	76	43	18	1	2	3	4	5	6	7	8	29	58	95	140	193
167	118	77	44	19	20	21	22	23	24	25	26	27	28	57	94	139	192
168	119	78	45	46	47	48	49	50	51	52	53	54	55	56	93	138	191
169	120	79	80	81	82	83	84	85	86	87	88	89	90	91	92	137	190
170	121	122	123	124	125	126	127	128	129	130	131	132	133	134	135	136	189
171	172	173	174	175	176	177	178	179	180	181	182	183	184	185	186	187	188
snake 15:26:46 23-02-2018
1	2	3	4	5	6	7	8	9	10	11	12	13	14	15	16	17	18
36	35	34	33	32	31	30	29	28	27	26	25	24	23	22	21	20	19
37	38	39	40	41	42	43	44	45	46	47	48	49	50	51	52	53	54
72	71	70	69	68	67	66	65	64	63	62	61	60	59	58	57	56	55
73	74	75	76	77	78	79	80	81	82	83	84	85	86	87	88	89	90
108	107	106	105	104	103	102	101	100	99	98	97	96	95	94	93	92	91
109	110	111	112	113	114	115	116	117	118	119	120	121	122	123	124	125	126
144	143	142	141	140	139	138	137	136	135	134	133	132	131	130	129	128	127
145	146	147	148	149	150	151	152	153	154	155	156	157	158	159	160	161	162
180	179	178	177	176	175	174	173	172	171	170	169	168	167	166	165	164	163
181	182	183	184	185	186	187	188	189	190	191	192	193	194	195	196	197	198
216	215	214	213	212	211	210	209	208	207	206	205	204	203	202	201	200	199
diagonal 15:26:46 23-02-2018
1	3	6	10	15	21	28	36	45	55	66	78	90	102	114	126	138	150
2	5	9	14	20	27	35	44	54	65	77	89	101	113	125	137	149	161
4	8	13	19	26	34	43	53	64	76	88	100	112	124	136	148	160	171
7	12	18	25	33	42	52	63	75	87	99	111	123	135	147	159	170	180
11	17	24	32	41	51	62	74	86	98	110	122	134	146	158	169	179	188
16	23	31	40	50	61	73	85	97	109	121	133	145	157	168	178	187	195
22	30	39	49	60	72	84	96	108	120	132	144	156	167	177	186	194	201
29	38	48	59	71	83	95	107	119	131	143	155	166	176	185	193	200	206
37	47	58	70	82	94	106	118	130	142	154	165	175	184	192	199	205	210
46	57	69	81	93	105	117	129	141	153	164	174	183	191	198	204	209	213
56	68	80	92	104	116	128	140	152	163	173	182	190	197	203	208	212	215
67	79	91	103	115	127	139	151	162	172	181	189	196	202	207	211	214	216
input 15:27:27 23-02-2018
67	122	163	59	107	162	68	156	180	194	56	149	33	213	38	192	175	103
34	116	140	73	174	77	1	9	45	157	121	208	190	76	113	31	86	84
5	139	130	182	19	75	43	48	211	199	14	60	191	51	101	195	24	176
112	82	3	201	35	198	181	127	62	135	108	109	20	36	55	173	154	170
148	83	152	16	29	66	205	54	97	117	10	7	120	18	143	114	64	188
155	160	99	65	26	11	165	161	196	81	92	209	132	70	186	105	151	204
115	200	21	63	15	41	94	146	136	111	58	159	93	202	104	168	74	50
184	80	17	212	179	90	193	164	129	134	49	206	169	210	215	72	95	142
8	145	178	177	158	126	32	87	185	98	119	89	2	172	85	37	187	171
124	153	46	207	47	27	22	141	88	30	61	6	23	203	78	214	102	44
183	71	197	167	69	28	123	13	25	53	42	96	125	144	137	138	189	91
79	118	4	39	57	166	40	100	131	106	147	52	216	150	110	133	12	128
horizontal 15:27:27 23-02-2018
1	2	3	4	5	6	7	8	9	10	11	12	13	14	15	16	17	18
19	20	21	22	23	24	25	26	27	28	29	30	31	32	33	34	35	36
37	38	39	40	41	42	43	44	45	46	47	48	49	50	51	52	53	54
55	56	57	58	59	60	61	62	63	64	65	66	67	68	69	70	71	72
73	74	75	76	77	78	79	80	81	82	83	84	85	86	87	88	89	90
91	92	93	94	95	96	97	98	99	100	101	102	103	104	105	106	107	108
109	110	111	112	113	114	115	116	117	118	119	120	121	122	123	124	125	126
127	128	129	130	131	132	133	134	135	136	137	138	139	140	141	142	143	144
145	146	147	148	149	150	151	152	153	154	155	156	157	158	159	160	161	162
163	164	165	166	167	168	169	170	171	172	173	174	175	176	177	178	179	180
181	182	183	184	185	186	187	188	189	190	191	192	193	194	195	196	197	198
199	200	201	202	203	204	205	206	207	208	209	210	211	212	213	214	215	216
vertical 15:27:27 23-02-2018
1	13	25	37	49	61	73	85	97	109	121	133	145	157	169	181	193	205
2	14	26	38	50	62	74	86	98	110	122	134	146	158	170	182	194	206
3	15	27	39	51	63	75	87	99	111	123	135	147	159	171	183	195	207
4	16	28	40	52	64	76	88	100	112	124	136	148	160	172	184	196	208
5	17	29	41	53	65	77	89	101	113	125	137	149	161	173	185	197	209
6	18	30	42	54	66	78	90	102	114	126	138	150	162	174	186	198	210
7	19	31	43	55	67	79	91	103	115	127	139	151	163	175	187	199	211
8	20	32	44	56	68	80	92	104	116	128	140	152	164	176	188	200	212
9	21	33	45	57	69	81	93	105	117	129	141	153	165	177	189	201	213
10	22	34	46	58	70	82	94	106	118	130	142	154	166	178	190	202	214
11	23	35	47	59	71	83	95	107	119	131	143	155	167	179	191	203	215
12	24	36	48	60	72	84	96	108	120	132	144	156	168	180	192	204	216
snail 15:27:27 23-02-2018
1	2	3	4	5	6	7	8	9	10	11	12	13	14	15	16	17	18
56	57	58	59	60	61	62	63	64	65	66	67	68	69	70	71	72	19
55	104	105	106	107	108	109	110	111	112	113	114	115	116	117	118	73	20
54	103	144	145	146	147	148	149	150	151	152	153	154	155	156	119	74	21
53	102	143	176	177	178	179	180	181	182	183	184	185	186	157	120	75	22
52	101	142	175	200	201	202	203	204	205	206	207	208	187	158	121	76	23
51	100	141	174	199	216	215	214	213	212	211	210	209	188	159	122	77	24
50	99	140	173	198	197	196	195	194	193	192	191	190	189	160	123	78	25
49	98	139	172	171	170	169	168	167	166	165	164	163	162	161	124	79	26
48	97	138	137	136	135	134	133	132	131	130	129	128	127	126	125	80	27
47	96	95	94	93	92	91	90	89	88	87	86	85	84	83	82	81	28
46	45	44	43	42	41	40	39	38	37	36	35	34	33	32	31	30	29
inverse_snail 15:27:27 23-02-2018
216	215	214	213	212	211	210	209	208	207	206	205	204	203	202	201	200	199
161	160	159	158	157	156	155	154	153	152	151	150	149	148	147	146	145	198
162	113	112	111	110	109	108	107	106	105	104	103	102	101	100	99	144	197
163	114	73	72	71	70	69	68	67	66	65	64	63	62	61	98	143	196
164	115	74	41	40	39	38	37	36	35	34	33	32	31	60	97	142	195
165	116	75	42	17	16	15	14	13	12	11	10	9	30	59	96	141	194
166	117	76	43	18	1	2	3	4	5	6	7	8	29	58	95	140	193
167	118	77	44	19	20	21	22	23	24	25	26	27	28	57	94	139	192
168	119	78	45	46	47	48	49	50	51	52	53	54	55	56	93	138	191
169	120	79	80	81	82	83	84	85	86	87	88	89	90	91	92	137	190
170	121	122	123	124	125	126	127	128	129	130	131	132	133	134	135	136	189
171	172	173	174	175	176	177	178	179	180	181	182	183	184	185	186	187	188
snake 15:27:28 23-02-2018
1	2	3	4	5	6	7	8	9	10	11	12	13	14	15	16	17	18
36	35	34	33	32	31	30	29	28	27	26	25	24	23	22	21	20	19
37	38	39	40	41	42	43	44	45	46	47	48	49	50	51	52	53	54
72	71	70	69	68	67	66	65	64	63	62	61	60	59	58	57	56	55
73	74	75	76	77	78	79	80	81	82	83	84	85	86	87	88	89	90
108	107	106	105	104	103	102	101	100	99	98	97	96	95	94	93	92	91
109	110	111	112	113	114	115	116	117	118	119	120	121	122	123	124	125	126
144	143	142	141	140	139	138	137	136	135	134	133	132	131	130	129	128	127
145	146	147	148	149	150	151	152	153	154	155	156	157	158	159	160	161	162
180	179	178	177	176	175	174	173	172	171	170	169	168	167	166	165	164	163
181	182	183	184	185	186	187	188	189	190	191	192	193	194	195	196	197	198
216	215	214	213	212	211	210	209	208	207	206	205	204	203	202	201	200	199
diagonal 15:27:28 23-02-2018
1	3	6	10	15	21	28	36	45	55	66	78	90	102	114	126	138	150
2	5	9	14	20	27	35	44	54	65	77	89	101	113	125	137	149	161
4	8	13	19	26	34	43	53	64	76	88	100	112	124	136	148	160	171
7	12	18	25	33	42	52	63	75	87	99	111	123	135	147	159	170	180
11	17	24	32	41	51	62	74	86	98	110	122	134	146	158	169	179	188
16	23	31	40	50	61	73	85	97	109	121	133	145	157	168	178	187	195
22	30	39	49	60	72	84	96	108	120	132	144	156	167	177	186	194	201
29	38	48	59	71	83	95	107	119	131	143	155	166	176	185	193	200	206
37	47	58	70	82	94	106	118	130	142	154	165	175	184	192	199	205	210
46	57	69	81	93	105	117	129	141	153	164	174	183	191	198	204	209	213
56	68	80	92	104	116	128	140	152	163	173	182	190	197	203	208	212	215
67	79	91	103	115	127	139	151	162	172	181	189	196	202	207	211	214	216
input 15:31:27 23-02-2018
88	10	136	80	29	86	150	34	61	113	184	206	15	56	74	46	177	93
201	98	14	174	205	22	60	121	103	159	92	62	51	153	211	18	97	185
195	118	179	145	164	130	54	70	65	23	72	147	129	82	171	7	120	96
156	117	203	160	44	37	137	148	214	66	79	1	50	133	5	58	131	25
170	144	200	19	115	215	111	32	138	193	95	141	202	108	26	67	2	140
64	178	197	209	102	169	155	8	128	48	39	75	28	24	30	20	149	107
181	165	151	110	154	199	119	91	175	188	17	21	35	81	183	143	100	16
210	204	33	198	124	116	99	52	101	158	104	90	208	45	135	114	126	189
161	196	216	49	31	192	68	27	180	4	76	157	9	53	176	127	3	63
12	83	36	69	172	89	190	105	132	6	38	85	142	162	134	94	187	123
125	146	163	139	71	109	212	40	87	106	43	73	194	168	186	84	207	55
57	122	77	213	166	191	13	41	152	112	47	11	182	59	42	78	173	167
horizontal 15:31:27 23-02-2018
1	2	3	4	5	6	7	8	9	10	11	12	13	14	15	16	17	18
19	20	21	22	23	24	25	26	27	28	29	30	31	32	33	34	35	36
37	38	39	40	41	42	43	44	45	46	47	48	49	50	51	52	53	54
55	56	57	58	59	60	61	62	63	64	65	66	67	68	69	70	71	72
73	74	75	76	77	78	79	80	81	82	83	84	85	86	87	88	89	90
91	92	93	94	95	96	97	98	99	100	101	102	103	104	105	106	107	108
109	110	111	112	113	114	115	116	117	118	119	120	121	122	123	124	125	126
127	128	129	130	131	132	133	134	135	136	137	138	139	140	141	142	143	144
145	146	147	148	149	150	151	152	153	154	155	156	157	158	159	160	161	162
163	164	165	166	167	168	169	170	171	172	173	174	175	176	177	178	179	180
181	182	183	184	185	186	187	188	189	190	191	192	193	194	195	196	197	198
199	200	201	202	203	204	205	206	207	208	209	210	211	212	213	214	215	216
vertical 15:31:27 23-02-2018
1	13	25	37	49	61	73	85	97	109	121	133	145	157	169	181	193	205
2	14	26	38	50	62	74	86	98	110	122	134	146	158	170	182	194	206
3	15	27	39	51	63	75	87	99	111	123	135	147	159	171	183	195	207
4	16	28	40	52	64	76	88	100	112	124	136	148	160	172	184	196	208
5	17	29	41	53	65	77	89	101	113	125	137	149	161	173	185	197	209
6	18	30	42	54	66	78	90	102	114	126	138	150	162	174	186	198	210
7	19	31	43	55	67	79	91	103	115	127	139	151	163	175	187	199	211
8	20	32	44	56	68	80	92	104	116	128	140	152	164	176	188	200	212
9	21	33	45	57	69	81	93	105	117	129	141	153	165	177	189	201	213
10	22	34	46	58	70	82	94	106	118	130	142	154	166	178	190	202	214
11	23	35	47	59	71	83	95	107	119	131	143	155	167	179	191	203	215
12	24	36	48	60	72	84	96	108	120	132	144	156	168	180	192	204	216
snail 15:31:27 23-02-2018
1	2	3	4	5	6	7	8	9	10	11	12	13	14	15	16	17	18
56	57	58	59	60	61	62	63	64	65	66	67	68	69	70	71	72	19
55	104	105	106	107	108	109	110	111	112	113	114	115	116	117	118	73	20
54	103	144	145	146	147	148	149	150	151	152	153	154	155	156	119	74	21
53	102	143	176	177	178	179	180	181	182	183	184	185	186	157	120	75	22
52	101	142	175	200	201	202	203	204	205	206	207	208	187	158	121	76	23
51	100	141	174	199	216	215	214	213	212	211	210	209	188	159	122	77	24
50	99	140	173	198	197	196	195	194	193	192	191	190	189	160	123	78	25
49	98	139	172	171	170	169	168	167	166	165	164	163	162	161	124	79	26
48	97	138	137	136	135	134	133	132	131	130	129	128	127	126	125	80	27
47	96	95	94	93	92	91	90	89	88	87	86	85	84	83	82	81	28
46	45	44	43	42	41	40	39	38	37	36	35	34	33	32	31	30	29
inverse_snail 15:31:27 23-02-2018
216	215	214	213	212	211	210	209	208	207	206	205	204	203	202	201	200	199
161	160	159	158	157	156	155	154	153	152	151	150	149	148	147	146	145	198
162	113	112	111	110	109	108	107	106	105	104	103	102	101	100	99	144	197
163	114	73	72	71	70	69	68	67	66	65	64	63	62	61	98	143	196
164	115	74	41	40	39	38	37	36	35	34	33	32	31	60	97	142	195
165	116	75	42	17	16	15	14	13	12	11	10	9	30	59	96	141	194
166	117	76	43	18	1	2	3	4	5	6	7	8	29	58	95	140	193
167	118	77	44	19	20	21	22	23	24	25	26	27	28	57	94	139	192
168	119	78	45	46	47	48	49	50	51	52	53	54	55	56	93	138	191
169	120	79	80	81	82	83	84	85	86	87	88	89	90	91	92	137	190
170	121	122	123	124	125	126	127	128	129	130	131	132	133	134	135	136	189
171	172	173	174	175	176	177	178	179	180	181	182	183	184	185	186	187	188
snake 15:31:27 23-02-2018
1	2	3	4	5	6	7	8	9	10	11	12	13	14	15	16	17	18
36	35	34	33	32	31	30	29	28	27	26	25	24	23	22	21	20	19
37	38	39	40	41	42	43	44	45	46	47	48	49	50	51	52	53	54
72	71	70	69	68	67	66	65	64	63	62	61	60	59	58	57	56	55
73	74	75	76	77	78	79	80	81	82	83	84	85	86	87	88	89	90
108	107	106	105	104	103	102	101	100	99	98	97	96	95	94	93	92	91
109	110	111	112	113	114	115	116	117	118	119	120	121	122	123	124	125	126
144	143	142	141	140	139	138	137	136	135	134	133	132	131	130	129	128	127
145	146	147	148	149	150	151	152	153	154	155	156	157	158	159	160	161	162
180	179	178	177	176	175	174	173	172	171	170	169	168	167	166	165	164	163
181	182	183	184	185	186	187	188	189	190	191	192	193	194	195	196	197	198
216	215	214	213	212	211	210	209	208	207	206	205	204	203	202	201	200	199
diagonal 15:31:28 23-02-2018
1	3	6	10	15	21	28	36	45	55	66	78	90	102	114	126	138	150
2	5	9	14	20	27	35	44	54	65	77	89	101	113	125	137	149	161
4	8	13	19	26	34	43	53	64	76	88	100	112	124	136	148	160	171
7	12	18	25	33	42	52	63	75	87	99	111	123	135	147	159	170	180
11	17	24	32	41	51	62	74	86	98	110	122	134	146	158	169	179	188
16	23	31	40	50	61	73	85	97	109	121	133	145	157	168	178	187	195
22	30	39	49	60	72	84	96	108	120	132	144	156	167	177	186	194	201
29	38	48	59	71	83	95	107	119	131	143	155	166	176	185	193	200	206
37	47	58	70	82	94	106	118	130	142	154	165	175	184	192	199	205	210
46	57	69	81	93	105	117	129	141	153	164	174	183	191	198	204	209	213
56	68	80	92	104	116	128	140	152	163	173	182	190	197	203	208	212	215
67	79	91	103	115	127	139	151	162	172	181	189	196	202	207	211	214	216
input 15:31:31 23-02-2018
42	124	139	89	161	211	98	159	95	107	179	34	213	102	51	168	133	163
138	39	8	147	109	101	21	175	49	137	75	4	120	60	22	10	117	113
171	47	56	84	15	167	200	132	32	7	1	58	134	111	154	148	72	38
127	193	41	78	94	12	46	185	189	209	122	214	9	40	105	198	66	44
81	202	85	205	90	63	183	131	108	176	140	96	164	186	62	87	160	210
77	13	135	33	71	115	130	25	151	149	158	212	204	172	64	24	125	103
156	150	169	128	114	31	37	35	162	184	73	119	19	215	67	45	146	61
206	29	112	216	26	152	53	43	121	145	195	76	68	3	59	83	177	30
201	80	173	110	23	52	14	27	70	166	92	136	88	208	74	20	104	17
82	187	106	36	207	5	178	6	143	157	153	170	196	197	182	126	155	180
188	141	69	194	57	11	144	99	118	65	116	91	142	199	48	129	100	55
181	86	192	18	54	50	16	79	191	93	174	203	2	28	165	97	123	190
horizontal 15:31:31 23-02-2018
1	2	3	4	5	6	7	8	9	10	11	12	13	14	15	16	17	18
19	20	21	22	23	24	25	26	27	28	29	30	31	32	33	34	35	36
37	38	39	40	41	42	43	44	45	46	47	48	49	50	51	52	53	54
55	56	57	58	59	60	61	62	63	64	65	66	67	68	69	70	71	72
73	74	75	76	77	78	79	80	81	82	83	84	85	86	87	88	89	90
91	92	93	94	95	96	97	98	99	100	101	102	103	104	105	106	107	108
109	110	111	112	113	114	115	116	117	118	119	120	121	122	123	124	125	126
127	128	129	130	131	132	133	134	135	136	137	138	139	140	141	142	143	144
145	146	147	148	149	150	151	152	153	154	155	156	157	158	159	160	161	162
163	164	165	166	167	168	169	170	171	172	173	174	175	176	177	178	179	180
181	182	183	184	185	186	187	188	189	190	191	192	193	194	195	196	197	198
199	200	201	202	203	204	205	206	207	208	209	210	211	212	213	214	215	216
vertical 15:31:32 23-02-2018
1	13	25	37	49	61	73	85	97	109	121	133	145	157	169	181	193	205
2	14	26	38	50	62	74	86	98	110	122	134	146	158	170	182	194	206
3	15	27	39	51	63	75	87	99	111	123	135	147	159	171	183	195	207
4	16	28	40	52	64	76	88	100	112	124	136	148	160	172	184	196	208
5	17	29	41	53	65	77	89	101	113	125	137	149	161	173	185	197	209
6	18	30	42	54	66	78	90	102	114	126	138	150	162	174	186	198	210
7	19	31	43	55	67	79	91	103	115	127	139	151	163	175	187	199	211
8	20	32	44	56	68	80	92	104	116	128	140	152	164	176	188	200	212
9	21	33	45	57	69	81	93	105	117	129	141	153	165	177	189	201	213
10	22	34	46	58	70	82	94	106	118	130	142	154	166	178	190	202	214
11	23	35	47	59	71	83	95	107	119	131	143	155	167	179	191	203	215
12	24	36	48	60	72	84	96	108	120	132	144	156	168	180	192	204	216
snail 15:31:32 23-02-2018
1	2	3	4	5	6	7	8	9	10	11	12	13	14	15	16	17	18
56	57	58	59	60	61	62	63	64	65	66	67	68	69	70	71	72	19
55	104	105	106	107	108	109	110	111	112	113	114	115	116	117	118	73	20
54	103	144	145	146	147	148	149	150	151	152	153	154	155	156	119	74	21
53	102	143	176	177	178	179	180	181	182	183	184	185	186	157	120	75	22
52	101	142	175	200	201	202	203	204	205	206	207	208	187	158	121	76	23
51	100	141	174	199	216	215	214	213	212	211	210	209	188	159	122	77	24
50	99	140	173	198	197	196	195	194	193	192	191	190	189	160	123	78	25
49	98	139	172	171	170	169	168	167	166	165	164	163	162	161	124	79	26
48	97	138	137	136	135	134	133	132	131	130	129	128	127	126	125	80	27
47	96	95	94	93	92	91	90	89	88	87	86	85	84	83	82	81	28
46	45	44	43	42	41	40	39	38	37	36	35	34	33	32	31	30	29
inverse_snail 15:31:32 23-02-2018
216	215	214	213	212	211	210	209	208	207	206	205	204	203	202	201	200	199
161	160	159	158	157	156	155	154	153	152	151	150	149	148	147	146	145	198
162	113	112	111	110	109	108	107	106	105	104	103	102	101	100	99	144	197
163	114	73	72	71	70	69	68	67	66	65	64	63	62	61	98	143	196
164	115	74	41	40	39	38	37	36	35	34	33	32	31	60	97	142	195
165	116	75	42	17	16	15	14	13	12	11	10	9	30	59	96	141	194
166	117	76	43	18	1	2	3	4	5	6	7	8	29	58	95	140	193
167	118	77	44	19	20	21	22	23	24	25	26	27	28	57	94	139	192
168	119	78	45	46	47	48	49	50	51	52	53	54	55	56	93	138	191
169	120	79	80	81	82	83	84	85	86	87	88	89	90	91	92	137	190
170	121	122	123	124	125	126	127	128	129	130	131	132	133	134	135	136	189
171	172	173	174	175	176	177	178	179	180	181	182	183	184	185	186	187	188
snake 15:31:32 23-02-2018
1	2	3	4	5	6	7	8	9	10	11	12	13	14	15	16	17	18
36	35	34	33	32	31	30	29	28	27	26	25	24	23	22	21	20	19
37	38	39	40	41	42	43	44	45	46	47	48	49	50	51	52	53	54
72	71	70	69	68	67	66	65	64	63	62	61	60	59	58	57	56	55
73	74	75	76	77	78	79	80	81	82	83	84	85	86	87	88	89	90
108	107	106	105	104	103	102	101	100	99	98	97	96	95	94	93	92	91
109	110	111	112	113	114	115	116	117	118	119	120	121	122	123	124	125	126
144	143	142	141	140	139	138	137	136	135	134	133	132	131	130	129	128	127
145	146	147	148	149	150	151	152	153	154	155	156	157	158	159	160	161	162
180	179	178	177	176	175	174	173	172	171	170	169	168	167	166	165	164	163
181	182	183	184	185	186	187	188	189	190	191	192	193	194	195	196	197	198
216	215	214	213	212	211	210	209	208	207	206	205	204	203	202	201	200	199
diagonal 15:31:32 23-02-2018
1	3	6	10	15	21	28	36	45	55	66	78	90	102	114	126	138	150
2	5	9	14	20	27	35	44	54	65	77	89	101	113	125	137	149	161
4	8	13	19	26	34	43	53	64	76	88	100	112	124	136	148	160	171
7	12	18	25	33	42	52	63	75	87	99	111	123	135	147	159	170	180
11	17	24	32	41	51	62	74	86	98	110	122	134	146	158	169	179	188
16	23	31	40	50	61	73	85	97	109	121	133	145	157	168	178	187	195
22	30	39	49	60	72	84	96	108	120	132	144	156	167	177	186	194	201
29	38	48	59	71	83	95	107	119	131	143	155	166	176	185	193	200	206
37	47	58	70	82	94	106	118	130	142	154	165	175	184	192	199	205	210
46	57	69	81	93	105	117	129	141	153	164	174	183	191	198	204	209	213
56	68	80	92	104	116	128	140	152	163	173	182	190	197	203	208	212	215
67	79	91	103	115	127	139	151	162	172	181	189	196	202	207	211	214	216
input 15:36:13 23-02-2018
56	83	194	167	118	91	198	55	16	140	35	47	40	115	157	191	156	7
43	209	136	147	149	207	62	165	182	102	116	93	114	33	129	82	78	174
8	183	84	98	74	203	150	161	19	3	205	214	164	208	52	146	37	173
145	187	119	13	68	2	26	190	23	71	75	202	89	31	135	201	112	21
38	197	199	154	41	70	48	42	87	142	108	36	178	170	153	106	155	212
158	144	46	88	104	110	99	126	189	168	15	39	180	172	27	215	64	34
54	17	103	85	76	30	122	81	18	58	130	72	204	211	210	128	63	107
14	181	57	80	117	66	137	90	79	105	123	10	143	28	159	186	60	92
139	196	213	216	188	120	148	185	25	53	177	179	200	1	100	193	125	163
50	124	133	94	141	160	97	171	44	127	162	121	152	32	169	6	24	9
151	22	49	86	138	45	109	111	176	131	51	61	4	29	67	95	206	166
192	101	65	77	12	20	113	59	96	195	184	73	134	132	69	11	5	175
horizontal 15:36:14 23-02-2018
1	2	3	4	5	6	7	8	9	10	11	12	13	14	15	16	17	18
19	20	21	22	23	24	25	26	27	28	29	30	31	32	33	34	35	36
37	38	39	40	41	42	43	44	45	46	47	48	49	50	51	52	53	54
55	56	57	58	59	60	61	62	63	64	65	66	67	68	69	70	71	72
73	74	75	76	77	78	79	80	81	82	83	84	85	86	87	88	89	90
91	92	93	94	95	96	97	98	99	100	101	102	103	104	105	106	107	108
109	110	111	112	113	114	115	116	117	118	119	120	121	122	123	124	125	126
127	128	129	130	131	132	133	134	135	136	137	138	139	140	141	142	143	144
145	146	147	148	149	150	151	152	153	154	155	156	157	158	159	160	161	162
163	164	165	166	167	168	169	170	171	172	173	174	175	176	177	178	179	180
181	182	183	184	185	186	187	188	189	190	191	192	193	194	195	196	197	198
199	200	201	202	203	204	205	206	207	208	209	210	211	212	213	214	215	216
vertical 15:36:14 23-02-2018
1	13	25	37	49	61	73	85	97	109	121	133	145	157	169	181	193	205
2	14	26	38	50	62	74	86	98	110	122	134	146	158	170	182	194	206
3	15	27	39	51	63	75	87	99	111	123	135	147	159	171	183	195	207
4	16	28	40	52	64	76	88	100	112	124	136	148	160	172	184	196	208
5	17	29	41	53	65	77	89	101	113	125	137	149	161	173	185	197	209
6	18	30	42	54	66	78	90	102	114	126	138	150	162	174	186	198	210
7	19	31	43	55	67	79	91	103	115	127	139	151	163	175	187	199	211
8	20	32	44	56	68	80	92	104	116	128	140	152	164	176	188	200	212
9	21	33	45	57	69	81	93	105	117	129	141	153	165	177	189	201	213
10	22	34	46	58	70	82	94	106	118	130	142	154	166	178	190	202	214
11	23	35	47	59	71	83	95	107	119	131	143	155	167	179	191	203	215
12	24	36	48	60	72	84	96	108	120	132	144	156	168	180	192	204	216
snail 15:36:14 23-02-2018
1	2	3	4	5	6	7	8	9	10	11	12	13	14	15	16	17	18
56	57	58	59	60	61	62	63	64	65	66	67	68	69	70	71	72	19
55	104	105	106	107	108	109	110	111	112	113	114	115	116	117	118	73	20
54	103	144	145	146	147	148	149	150	151	152	153	154	155	156	119	74	21
53	102	143	176	177	178	179	180	181	182	183	184	185	186	157	120	75	22
52	101	142	175	200	201	202	203	204	205	206	207	208	187	158	121	76	23
51	100	141	174	199	216	215	214	213	212	211	210	209	188	159	122	77	24
50	99	140	173	198	197	196	195	194	193	192	191	190	189	160	123	78	25
49	98	139	172	171	170	169	168	167	166	165	164	163	162	161	124	79	26
48	97	138	137	136	135	134	133	132	131	130	129	128	127	126	125	80	27
47	96	95	94	93	92	91	90	89	88	87	86	85	84	83	82	81	28
46	45	44	43	42	41	40	39	38	37	36	35	34	33	32	31	30	29
inverse_snail 15:36:14 23-02-2018
216	215	214	213	212	211	210	209	208	207	206	205	204	203	202	201	200	199
161	160	159	158	157	156	155	154	153	152	151	150	149	148	147	146	145	198
162	113	112	111	110	109	108	107	106	105	104	103	102	101	100	99	144	197
163	114	73	72	71	70	69	68	67	66	65	64	63	62	61	98	143	196
164	115	74	41	40	39	38	37	36	35	34	33	32	31	60	97	142	195
165	116	75	42	17	16	15	14	13	12	11	10	9	30	59	96	141	194
166	117	76	43	18	1	2	3	4	5	6	7	8	29	58	95	140	193
167	118	77	44	19	20	21	22	23	24	25	26	27	28	57	94	139	192
168	119	78	45	46	47	48	49	50	51	52	53	54	55	56	93	138	191
169	120	79	80	81	82	83	84	85	86	87	88	89	90	91	92	137	190
170	121	122	123	124	125	126	127	128	129	130	131	132	133	134	135	136	189
171	172	173	174	175	176	177	178	179	180	181	182	183	184	185	186	187	188
snake 15:36:14 23-02-2018
1	2	3	4	5	6	7	8	9	10	11	12	13	14	15	16	17	18
36	35	34	33	32	31	30	29	28	27	26	25	24	23	22	21	20	19
37	38	39	40	41	42	43	44	45	46	47	48	49	50	51	52	53	54
72	71	70	69	68	67	66	65	64	63	62	61	60	59	58	57	56	55
73	74	75	76	77	78	79	80	81	82	83	84	85	86	87	88	89	90
108	107	106	105	104	103	102	101	100	99	98	97	96	95	94	93	92	91
109	110	111	112	113	114	115	116	117	118	119	120	121	122	123	124	125	126
144	143	142	141	140	139	138	137	136	135	134	133	132	131	130	129	128	127
145	146	147	148	149	150	151	152	153	154	155	156	157	158	159	160	161	162
180	179	178	177	176	175	174	173	172	171	170	169	168	167	166	165	164	163
181	182	183	184	185	186	187	188	189	190	191	192	193	194	195	196	197	198
216	215	214	213	212	211	210	209	208	207	206	205	204	203	202	201	200	199
diagonal 15:36:15 23-02-2018
1	3	6	10	15	21	28	36	45	55	66	78	90	102	114	126	138	150
2	5	9	14	20	27	35	44	54	65	77	89	101	113	125	137	149	161
4	8	13	19	26	34	43	53	64	76	88	100	112	124	136	148	160	171
7	12	18	25	33	42	52	63	75	87	99	111	123	135	147	159	170	180
11	17	24	32	41	51	62	74	86	98	110	122	134	146	158	169	179	188
16	23	31	40	50	61	73	85	97	109	121	133	145	157	168	178	187	195
22	30	39	49	60	72	84	96	108	120	132	144	156	167	177	186	194	201
29	38	48	59	71	83	95	107	119	131	143	155	166	176	185	193	200	206
37	47	58	70	82	94	106	118	130	142	154	165	175	184	192	199	205	210
46	57	69	81	93	105	117	129	141	153	164	174	183	191	198	204	209	213
56	68	80	92	104	116	128	140	152	163	173	182	190	197	203	208	212	215
67	79	91	103	115	127	139	151	162	172	181	189	196	202	207	211	214	216
input 15:37:54 23-02-2018
140	46	160	133	17	86	72	64	83	124	2	85	82	66	81	208	23	188
170	24	171	88	30	60	209	108	16	49	181	141	157	194	211	25	3	112
21	9	53	191	121	135	204	149	136	199	67	156	195	115	200	190	104	122
163	59	107	162	68	180	56	33	213	38	192	175	103	34	116	73	174	77
1	45	76	113	31	84	5	139	130	182	19	75	43	48	14	51	101	176
201	35	198	127	62	109	20	36	55	173	154	148	152	29	205	54	97	117
10	7	120	18	143	114	155	99	65	26	11	165	161	196	92	132	70	186
105	151	63	15	41	94	146	111	58	159	93	202	168	74	50	184	80	212
179	90	193	164	129	134	206	169	210	215	95	142	8	145	178	177	158	126
32	87	185	98	119	89	172	37	187	153	207	47	27	22	61	6	203	78
214	102	44	183	71	197	167	69	28	123	13	42	96	125	144	137	138	189
91	79	118	4	39	57	166	40	100	131	106	147	52	216	150	110	12	128
horizontal 15:37:54 23-02-2018
1	2	3	4	5	6	7	8	9	10	11	12	13	14	15	16	17	18
19	20	21	22	23	24	25	26	27	28	29	30	31	32	33	34	35	36
37	38	39	40	41	42	43	44	45	46	47	48	49	50	51	52	53	54
55	56	57	58	59	60	61	62	63	64	65	66	67	68	69	70	71	72
73	74	75	76	77	78	79	80	81	82	83	84	85	86	87	88	89	90
91	92	93	94	95	96	97	98	99	100	101	102	103	104	105	106	107	108
109	110	111	112	113	114	115	116	117	118	119	120	121	122	123	124	125	126
127	128	129	130	131	132	133	134	135	136	137	138	139	140	141	142	143	144
145	146	147	148	149	150	151	152	153	154	155	156	157	158	159	160	161	162
163	164	165	166	167	168	169	170	171	172	173	174	175	176	177	178	179	180
181	182	183	184	185	186	187	188	189	190	191	192	193	194	195	196	197	198
199	200	201	202	203	204	205	206	207	208	209	210	211	212	213	214	215	216
vertical 15:37:54 23-02-2018
1	13	25	37	49	61	73	85	97	109	121	133	145	157	169	181	193	205
2	14	26	38	50	62	74	86	98	110	122	134	146	158	170	182	194	206
3	15	27	39	51	63	75	87	99	111	123	135	147	159	171	183	195	207
4	16	28	40	52	64	76	88	100	112	124	136	148	160	172	184	196	208
5	17	29	41	53	65	77	89	101	113	125	137	149	161	173	185	197	209
6	18	30	42	54	66	78	90	102	114	126	138	150	162	174	186	198	210
7	19	31	43	55	67	79	91	103	115	127	139	151	163	175	187	199	211
8	20	32	44	56	68	80	92	104	116	128	140	152	164	176	188	200	212
9	21	33	45	57	69	81	93	105	117	129	141	153	165	177	189	201	213
10	22	34	46	58	70	82	94	106	118	130	142	154	166	178	190	202	214
11	23	35	47	59	71	83	95	107	119	131	143	155	167	179	191	203	215
12	24	36	48	60	72	84	96	108	120	132	144	156	168	180	192	204	216
snail 15:37:54 23-02-2018
1	2	3	4	5	6	7	8	9	10	11	12	13	14	15	16	17	18
56	57	58	59	60	61	62	63	64	65	66	67	68	69	70	71	72	19
55	104	105	106	107	108	109	110	111	112	113	114	115	116	117	118	73	20
54	103	144	145	146	147	148	149	150	151	152	153	154	155	156	119	74	21
53	102	143	176	177	178	179	180	181	182	183	184	185	186	157	120	75	22
52	101	142	175	200	201	202	203	204	205	206	207	208	187	158	121	76	23
51	100	141	174	199	216	215	214	213	212	211	210	209	188	159	122	77	24
50	99	140	173	198	197	196	195	194	193	192	191	190	189	160	123	78	25
49	98	139	172	171	170	169	168	167	166	165	164	163	162	161	124	79	26
48	97	138	137	136	135	134	133	132	131	130	129	128	127	126	125	80	27
47	96	95	94	93	92	91	90	89	88	87	86	85	84	83	82	81	28
46	45	44	43	42	41	40	39	38	37	36	35	34	33	32	31	30	29
inverse_snail 15:37:54 23-02-2018
216	215	214	213	212	211	210	209	208	207	206	205	204	203	202	201	200	199
161	160	159	158	157	156	155	154	153	152	151	150	149	148	147	146	145	198
162	113	112	111	110	109	108	107	106	105	104	103	102	101	100	99	144	197
163	114	73	72	71	70	69	68	67	66	65	64	63	62	61	98	143	196
164	115	74	41	40	39	38	37	36	35	34	33	32	31	60	97	142	195
165	116	75	42	17	16	15	14	13	12	11	10	9	30	59	96	141	194
166	117	76	43	18	1	2	3	4	5	6	7	8	29	58	95	140	193
167	118	77	44	19	20	21	22	23	24	25	26	27	28	57	94	139	192
168	119	78	45	46	47	48	49	50	51	52	53	54	55	56	93	138	191
169	120	79	80	81	82	83	84	85	86	87	88	89	90	91	92	137	190
170	121	122	123	124	125	126	127	128	129	130	131	132	133	134	135	136	189
171	172	173	174	175	176	177	178	179	180	181	182	183	184	185	186	187	188
snake 15:37:55 23-02-2018
1	2	3	4	5	6	7	8	9	10	11	12	13	14	15	16	17	18
36	35	34	33	32	31	30	29	28	27	26	25	24	23	22	21	20	19
37	38	39	40	41	42	43	44	45	46	47	48	49	50	51	52	53	54
72	71	70	69	68	67	66	65	64	63	62	61	60	59	58	57	56	55
73	74	75	76	77	78	79	80	81	82	83	84	85	86	87	88	89	90
108	107	106	105	104	103	102	101	100	99	98	97	96	95	94	93	92	91
109	110	111	112	113	114	115	116	117	118	119	120	121	122	123	124	125	126
144	143	142	141	140	139	138	137	136	135	134	133	132	131	130	129	128	127
145	146	147	148	149	150	151	152	153	154	155	156	157	158	159	160	161	162
180	179	178	177	176	175	174	173	172	171	170	169	168	167	166	165	164	163
181	182	183	184	185	186	187	188	189	190	191	192	193	194	195	196	197	198
216	215	214	213	212	211	210	209	208	207	206	205	204	203	202	201	200	199
diagonal 15:37:55 23-02-2018
1	3	6	10	15	21	28	36	45	55	66	78	90	102	114	126	138	150
2	5	9	14	20	27	35	44	54	65	77	89	101	113	125	137	149	161
4	8	13	19	26	34	43	53	64	76	88	100	112	124	136	148	160	171
7	12	18	25	33	42	52	63	75	87	99	111	123	135	147	159	170	180
11	17	24	32	41	51	62	74	86	98	110	122	134	146	158	169	179	188
16	23	31	40	50	61	73	85	97	109	121	133	145	157	168	178	187	195
22	30	39	49	60	72	84	96	108	120	132	144	156	167	177	186	194	201
29	38	48	59	71	83	95	107	119	131	143	155	166	176	185	193	200	206
37	47	58	70	82	94	106	118	130	142	154	165	175	184	192	199	205	210
46	57	69	81	93	105	117	129	141	153	164	174	183	191	198	204	209	213
56	68	80	92	104	116	128	140	152	163	173	182	190	197	203	208	212	215
67	79	91	103	115	127	139	151	162	172	181	189	196	202	207	211	214	216
input 15:41:03 23-02-2018
61	41	73	89	97	7	103	3
13	71	107	47	79	37	113	59
23	131	17	101	11	29	5	2
83	31	43	19	53	67	127	109
horizontal 15:41:03 23-02-2018
2	3	5	7	11	13	17	19
23	29	31	37	41	43	47	53
59	61	67	71	73	79	83	89
97	101	103	107	109	113	127	131
vertical 15:41:03 23-02-2018
2	11	23	41	59	73	97	109
3	13	29	43	61	79	101	113
5	17	31	47	67	83	103	127
7	19	37	53	71	89	107	131
snail 15:41:03 23-02-2018
2	3	5	7	11	13	17	19
71	73	79	83	89	97	101	23
67	131	127	113	109	107	103	29
61	59	53	47	43	41	37	31
inverse_snail 15:41:03 23-02-2018
131	127	113	109	107	103	101	97
41	37	31	29	23	19	17	89
43	2	3	5	7	11	13	83
47	53	59	61	67	71	73	79
snake 15:41:03 23-02-2018
2	3	5	7	11	13	17	19
53	47	43	41	37	31	29	23
59	61	67	71	73	79	83	89
131	127	113	109	107	103	101	97
diagonal 15:41:03 23-02-2018
2	5	13	29	43	61	79	101
3	11	23	41	59	73	97	109
7	19	37	53	71	89	107	127
17	31	47	67	83	103	113	131
input 15:41:39 23-02-2018
2	127	101	97	73	53	37	67
23	71	59	103	113	61	109	131
11	17	43	83	29	107	31	19
41	5	89	3	7	13	79	47
horizontal 15:41:39 23-02-2018
2	3	5	7	11	13	17	19
23	29	31	37	41	43	47	53
59	61	67	71	73	79	83	89
97	101	103	107	109	113	127	131
vertical 15:41:39 23-02-2018
2	11	23	41	59	73	97	109
3	13	29	43	61	79	101	113
5	17	31	47	67	83	103	127
7	19	37	53	71	89	107	131
snail 15:41:39 23-02-2018
2	3	5	7	11	13	17	19
71	73	79	83	89	97	101	23
67	131	127	113	109	107	103	29
61	59	53	47	43	41	37	31
inverse_snail 15:41:39 23-02-2018
131	127	113	109	107	103	101	97
41	37	31	29	23	19	17	89
43	2	3	5	7	11	13	83
47	53	59	61	67	71	73	79
snake 15:41:39 23-02-2018
2	3	5	7	11	13	17	19
53	47	43	41	37	31	29	23
59	61	67	71	73	79	83	89
131	127	113	109	107	103	101	97
diagonal 15:41:39 23-02-2018
2	5	13	29	43	61	79	101
3	11	23	41	59	73	97	109
7	19	37	53	71	89	107	127
17	31	47	67	83	103	113	131
input 15:42:48 23-02-2018
47	5	37	107	71	11	3	31
2	41	73	43	101	17	59	97
89	79	61	19	53	83	29	7
67	23	13	127	103	109	113	131
horizontal 15:42:48 23-02-2018
2	3	5	7	11	13	17	19
23	29	31	37	41	43	47	53
59	61	67	71	73	79	83	89
97	101	103	107	109	113	127	131
vertical 15:42:49 23-02-2018
2	11	23	41	59	73	97	109
3	13	29	43	61	79	101	113
5	17	31	47	67	83	103	127
7	19	37	53	71	89	107	131
snail 15:42:49 23-02-2018
2	3	5	7	11	13	17	19
71	73	79	83	89	97	101	23
67	131	127	113	109	107	103	29
61	59	53	47	43	41	37	31
inverse_snail 15:42:49 23-02-2018
131	127	113	109	107	103	101	97
41	37	31	29	23	19	17	89
43	2	3	5	7	11	13	83
47	53	59	61	67	71	73	79
snake 15:42:49 23-02-2018
2	3	5	7	11	13	17	19
53	47	43	41	37	31	29	23
59	61	67	71	73	79	83	89
131	127	113	109	107	103	101	97
diagonal 15:42:50 23-02-2018
2	5	13	29	43	61	79	101
3	11	23	41	59	73	97	109
7	19	37	53	71	89	107	127
17	31	47	67	83	103	113	131